(20140330, 205533934, 264714811)
(20140331, 398884905, 423852634)
(20140401, 453320585, 277429358)
(20140402, 355347118, 272612066)
(20140403, 363877120, 266605457)
(20140404, 251895894, 200192637)
(20140405, 202336542, 163199682)
(20140406, 129477254, 139576683)
(20140407, 196936223, 176966561)
(20140408, 354770149, 250015131)
(20140409, 383347565, 289330278)
(20140410, 386567460, 286914864)
(20140411, 237829882, 277077434)
(20140412, 177642053, 123295320)
(20140413, 208172985, 178934722)
(20140414, 309853269, 415986984)
(20140415, 428681231, 285293076)
(20140416, 387847838, 255914640)
(20140417, 355792647, 265341592)
(20140418, 239300383, 225952909)
(20140419, 268729366, 146374940)
(20140420, 191259529, 161057781)
(20140421, 301134667, 295635256)
(20140422, 285248757, 268810141)
(20140423, 313677307, 278470936)
