(20131130, 116865492, 119660311)
(20131201, 137889992, 94632233)
(20131202, 345313258, 128465086)
(20131203, 268666856, 101662045)
(20131204, 219456372, 69981329)
(20131205, 190825287, 118256819)
(20131206, 152197159, 82625571)
(20131207, 138882605, 71916047)
(20131208, 124886903, 76314292)
(20131209, 174652812, 133355299)
(20131210, 179471612, 147147341)
(20131211, 239916977, 110314592)
(20131212, 140360007, 92090275)
(20131213, 164672690, 90778214)
(20131214, 129045596, 52234651)
(20131215, 205882387, 54757146)
(20131216, 196489931, 156157326)
(20131217, 193980797, 116537843)
(20131218, 180215804, 202220872)
(20131219, 233631357, 164023344)
(20131220, 133867400, 153678963)
(20131221, 112000779, 83151594)
(20131222, 154543217, 83998249)
(20131223, 198747367, 138478245)
(20131224, 305406334, 118607911)
(20131225, 380076148, 172755480)
(20131226, 220287409, 241852564)
(20131227, 211118967, 163522548)
