(20130902, 140844739, 17785524)
(20130903, 80507880, 39328144)
(20130904, 33366708, 27452600)
(20130905, 38716505, 21800904)
(20130906, 38923186, 33417903)
(20130907, 34076183, 20344424)
(20130908, 38796909, 14919122)
(20130909, 49312473, 45621186)
(20130910, 94684143, 37128363)
(20130911, 98944459, 71674082)
(20130912, 68573684, 45147220)
(20130913, 71655946, 60512675)
(20130914, 30975443, 36312660)
(20130915, 37059683, 25020715)
(20130916, 161656210, 45184589)
(20130917, 76204815, 58260798)
(20130918, 42926608, 47203221)
(20130919, 24778048, 11418512)
(20130920, 28365762, 15188254)
(20130921, 32406340, 26596179)
(20130922, 67514169, 47962055)
(20130923, 54658160, 58285879)
(20130924, 74250859, 56680792)
(20130925, 47274168, 74838162)
(20130926, 68718693, 48467529)
(20130927, 42166121, 27639603)
(20130928, 39995798, 58105720)
(20130929, 34433848, 40295202)
(20130930, 28398050, 30181353)
