(20130701, 32488348, 5525022)
(20130702, 29037390, 2554548)
(20130703, 27270770, 5953867)
(20130704, 18321185, 6410729)
(20130705, 11648749, 2763587)
(20130706, 36751272, 1616635)
(20130707, 8962232, 3982735)
(20130708, 57258266, 8347729)
(20130709, 26798941, 3473059)
(20130710, 30696506, 2597169)
(20130711, 44075197, 3508800)
(20130712, 34183904, 8492573)
(20130713, 15164717, 3482829)
(20130714, 22615303, 2784107)
(20130715, 48128555, 13107943)
(20130716, 50622847, 11864981)
(20130717, 29015682, 10911513)
(20130718, 24234505, 11765356)
(20130719, 33680124, 9244769)
(20130720, 20439079, 4601143)
(20130721, 21142394, 2681331)
(20130722, 40448896, 19144267)
(20130723, 58136147, 24404051)
(20130724, 48422518, 36258592)
(20130725, 57433418, 38212836)
(20130726, 44721817, 39192369)
(20130727, 17194451, 15058893)
(20130728, 36255382, 7683211)
(20130729, 53512076, 18599364)
(20130730, 47481243, 13048582)
