(20140527, 299049555, 321965845)
(20140528, 276134813, 415891684)
(20140529, 320549863, 313827800)
(20140530, 226547701, 312802179)
(20140531, 146823669, 142862063)
(20140601, 183489775, 149829253)
(20140602, 158219402, 170409506)
(20140603, 270887462, 385622582)
(20140604, 274460744, 303978838)
(20140605, 380042567, 355645445)
(20140606, 301413900, 274862067)
(20140607, 187801995, 146203577)
(20140608, 302171269, 169525332)
(20140609, 366114374, 287520152)
(20140610, 354031597, 298190025)
(20140611, 327661453, 246127540)
(20140612, 332365185, 236467885)
(20140613, 216923770, 386799040)
(20140614, 181574530, 229916191)
(20140615, 166080126, 116623756)
(20140616, 387308484, 492349489)
(20140617, 270350693, 502560223)
(20140618, 335262709, 421920230)
(20140619, 338609087, 284956260)
(20140620, 251582530, 286583065)
(20140621, 177999186, 231003775)
(20140622, 147180819, 361285652)
(20140623, 232227670, 373779624)
(20140624, 245450766, 428471509)
(20140625, 264663201, 547295931)
(20140626, 297628039, 418742109)
(20140627, 264282703, 399444352)
