(20140226, 680801145, 284819682)
(20140227, 672909288, 492786036)
(20140228, 428721754, 322030204)
(20140301, 362865580, 211279011)
(20140302, 276202230, 246199417)
(20140303, 505305862, 513017360)
(20140304, 524146340, 250562978)
(20140305, 454295491, 209072753)
(20140306, 561787770, 243149884)
(20140307, 380139779, 291087220)
(20140308, 243274169, 140323202)
(20140309, 244752519, 206312503)
(20140310, 497338076, 308040624)
(20140311, 430500816, 496039886)
(20140312, 377007897, 416491268)
(20140313, 346286910, 316973542)
(20140314, 315897431, 311575572)
(20140315, 287407002, 242799048)
(20140316, 269387391, 390584547)
(20140317, 339008082, 440624592)
(20140318, 435479117, 410240726)
(20140319, 359014064, 429298917)
(20140320, 365011495, 336076380)
(20140321, 282351818, 259655286)
(20140322, 191700135, 138039412)
(20140323, 167456369, 186443311)
(20140324, 313180334, 437825259)
(20140325, 314345006, 312710515)
(20140326, 272935544, 450254233)
(20140327, 266231082, 359071642)
(20140328, 225966355, 405443946)
(20140329, 160250985, 155006056)
