(20140129, 952479658, 215164666)
(20140130, 227916211, 105288105)
(20140131, 87324175, 48132389)
(20140201, 64287172, 61527060)
(20140202, 57912761, 24395720)
(20140203, 84329848, 46109194)
(20140204, 83653646, 44927333)
(20140205, 209043990, 95407704)
(20140206, 227860276, 111635336)
(20140207, 578818221, 273482213)
(20140208, 358255468, 183432237)
(20140209, 341911234, 262954049)
(20140210, 647465140, 431753411)
(20140211, 818803205, 243058162)
(20140212, 763009770, 354585919)
(20140213, 626698794, 362757986)
(20140214, 490710434, 263261899)
(20140215, 255393179, 121463693)
(20140216, 331324628, 183057224)
(20140217, 706118060, 405809267)
(20140218, 593563145, 271125324)
(20140219, 408367966, 323990451)
(20140220, 478925191, 230855410)
(20140221, 353981687, 178914448)
(20140222, 282022706, 134735118)
(20140223, 337053711, 195214052)
(20140224, 656317045, 473470156)
(20140225, 563505889, 299155352)
