(20140728, 371762756, 345986909)
(20140729, 228093046, 303480103)
(20140730, 209917272, 250117716)
(20140731, 191728916, 277194379)
(20140801, 374884735, 252540858)
(20140802, 189092130, 172250225)
(20140803, 173825397, 127125217)
(20140804, 330640884, 322907524)
(20140805, 394780870, 221706539)
(20140806, 288821016, 282346594)
(20140807, 247646474, 253659514)
(20140808, 233903717, 311648757)
(20140809, 160262764, 163611708)
(20140810, 259534870, 189909225)
(20140811, 331550471, 418603336)
(20140812, 258493673, 309754858)
(20140813, 261506619, 303975517)
(20140814, 257702660, 211939431)
(20140815, 244551620, 236516007)
(20140816, 215059736, 219214339)
(20140817, 149978271, 139564084)
(20140818, 298499146, 259169016)
(20140819, 266401973, 254929877)
(20140820, 308378692, 202452782)
(20140821, 251763517, 219963356)
(20140822, 246316056, 179349206)
(20140823, 141412027, 199377531)
(20140824, 130195484, 191080151)
(20140825, 309574223, 312413411)
(20140826, 306945089, 285478563)
(20140827, 302194801, 468164147)
(20140828, 245082751, 297893861)
(20140829, 267554713, 273756380)
(20140830, 199708772, 196374134)
(20140831, 275090213, 292943033)
