(20130731, 54569637, 9534040)
(20130801, 53369962, 18864468)
(20130802, 38064536, 40150769)
(20130803, 21595789, 20701797)
(20130804, 45745254, 8263965)
(20130805, 43632203, 15797507)
(20130806, 50866184, 16401387)
(20130807, 43908081, 29708706)
(20130808, 44493490, 29551691)
(20130809, 33425186, 30131015)
(20130810, 20615307, 26614408)
(20130811, 55519543, 15372680)
(20130812, 94520502, 28586669)
(20130813, 48720919, 28790328)
(20130814, 30541167, 15031683)
(20130815, 42421222, 52659327)
(20130816, 41683536, 33739844)
(20130817, 17670519, 4674983)
(20130818, 59703092, 15218300)
(20130819, 109184209, 28339260)
(20130820, 53675509, 30131225)
(20130821, 38184446, 29983342)
(20130822, 89130737, 25000672)
(20130823, 37878575, 25680323)
(20130824, 44367268, 14316598)
(20130825, 43306288, 18117808)
(20130826, 74496541, 20637986)
(20130827, 45268028, 60137633)
(20130828, 46602319, 33696861)
(20130829, 47518666, 35944968)
(20130830, 56488844, 20630752)
(20130831, 47655303, 22012016)
(20130901, 56239802, 59339949)
