(20131228, 192808006, 61383220)
(20131229, 161473347, 55129989)
(20131230, 286358778, 179826624)
(20131231, 265851934, 134232530)
(20140101, 330926565, 77367755)
(20140102, 434956739, 190155450)
(20140103, 342074805, 127714255)
(20140104, 186085910, 99869074)
(20140105, 206030707, 156781996)
(20140106, 442494042, 190917629)
(20140107, 589726496, 137972793)
(20140108, 264025160, 213880074)
(20140109, 280698487, 140391237)
(20140110, 237797636, 117259153)
(20140111, 243403438, 71530182)
(20140112, 228255344, 141505812)
(20140113, 447207050, 178923772)
(20140114, 356907128, 159778389)
(20140115, 391408718, 177618247)
(20140116, 374947083, 153167426)
(20140117, 345426853, 127385210)
(20140118, 233200688, 142869842)
(20140119, 185082022, 117629351)
(20140120, 335761027, 442996084)
(20140121, 412854611, 302825136)
(20140122, 498730606, 292856188)
(20140123, 481450097, 209024328)
(20140124, 614103894, 345829001)
(20140125, 440854623, 185524856)
(20140126, 528402520, 331752519)
(20140127, 657199484, 280645861)
(20140128, 843424742, 248334316)
