(20131025, 69936453, 52225802)
(20131026, 55752506, 49357211)
(20131027, 68007543, 46520570)
(20131028, 129993375, 55089464)
(20131029, 102050144, 43052468)
(20131030, 109663260, 63908701)
(20131031, 90926701, 55607833)
(20131101, 150904945, 66933119)
(20131102, 62132300, 26705506)
(20131103, 68707870, 30895754)
(20131104, 300027403, 130970051)
(20131105, 180904814, 82689864)
(20131106, 181474910, 131707820)
(20131107, 167963464, 83306452)
(20131108, 231749471, 92856307)
(20131109, 126467028, 45885771)
(20131110, 164813471, 85293644)
(20131111, 147986439, 227124951)
(20131112, 148469647, 131263524)
(20131113, 174554976, 79121440)
(20131114, 167996058, 52554150)
(20131115, 124270704, 58210254)
(20131116, 118085705, 28996272)
(20131117, 111786622, 42358155)
(20131118, 195766477, 136916782)
(20131119, 131365419, 70308235)
(20131120, 166163002, 86951218)
(20131121, 221166938, 74733962)
(20131122, 128528687, 82717921)
(20131123, 89109018, 48882131)
(20131124, 102394991, 85555947)
(20131125, 147143602, 70113127)
(20131126, 258037702, 65802983)
(20131127, 134774128, 86129498)
(20131128, 139760425, 61453591)
(20131129, 122536344, 123982166)
