(20131001, 19137499, 12813267)
(20131002, 11562708, 7233874)
(20131003, 10101194, 6223263)
(20131004, 19907689, 23412350)
(20131005, 26364686, 13966453)
(20131006, 38730653, 13464528)
(20131007, 42797733, 28894400)
(20131008, 109806912, 77856096)
(20131009, 72422299, 33999376)
(20131010, 72094613, 52244531)
(20131011, 82674757, 27666473)
(20131012, 81901136, 31322983)
(20131013, 71149981, 31850475)
(20131014, 130315300, 40652625)
(20131015, 85704304, 35099198)
(20131016, 100948091, 51261982)
(20131017, 87203217, 23274764)
(20131018, 98151450, 15938355)
(20131019, 53148443, 26684697)
(20131020, 47766681, 50884342)
(20131021, 106030290, 45781403)
(20131022, 145611496, 96172537)
(20131023, 106093112, 73788462)
(20131024, 69530830, 58183921)
