(20140628, 153826161, 283400236)
(20140629, 158801540, 261170799)
(20140630, 334054112, 456547794)
(20140701, 384428753, 374164541)
(20140702, 384555819, 328950951)
(20140703, 297894643, 289009780)
(20140704, 211649838, 264494550)
(20140705, 169383796, 272535138)
(20140706, 199569025, 195530758)
(20140707, 272182847, 317612569)
(20140708, 224240103, 340453063)
(20140709, 278005555, 269642881)
(20140710, 283095921, 326009240)
(20140711, 208671021, 240050748)
(20140712, 177644343, 149081488)
(20140713, 179759885, 199459990)
(20140714, 254797524, 284753279)
(20140715, 334810012, 261722182)
(20140716, 394890140, 234775948)
(20140717, 253011280, 298279385)
(20140718, 208959595, 208671287)
(20140719, 210318023, 155464283)
(20140720, 176449304, 174462836)
(20140721, 378088594, 434191479)
(20140722, 243084133, 369043423)
(20140723, 265461894, 308353077)
(20140724, 277044480, 347622431)
(20140725, 181641088, 262874791)
(20140726, 128268053, 282653341)
(20140727, 151406251, 166610652)
