(20140424, 318358891, 224536754)
(20140425, 220927432, 227764292)
(20140426, 151625415, 158122962)
(20140427, 146837951, 191915377)
(20140428, 324937272, 327724735)
(20140429, 330607104, 307578349)
(20140430, 260091330, 281835975)
(20140501, 193045106, 143362755)
(20140502, 125336258, 121222064)
(20140503, 185094488, 199568043)
(20140504, 303087562, 413222034)
(20140505, 370924149, 309330781)
(20140506, 318002728, 341108696)
(20140507, 417327518, 239372999)
(20140508, 392838756, 273187499)
(20140509, 281479009, 247743971)
(20140510, 287240171, 147248328)
(20140511, 182424063, 152945581)
(20140512, 325108597, 293952908)
(20140513, 275241493, 257918375)
(20140514, 305474522, 316225442)
(20140515, 313367089, 238307643)
(20140516, 231967423, 282094916)
(20140517, 170983868, 145854372)
(20140518, 164419642, 153440019)
(20140519, 259077930, 293791406)
(20140520, 453955303, 260040720)
(20140521, 297799722, 250223726)
(20140522, 344636549, 251108485)
(20140523, 249546195, 229000787)
(20140524, 160073254, 154409868)
(20140525, 166943526, 231004758)
(20140526, 344890868, 274707572)
